14.308978059795416
13.978914269963939
13.781119894197879
13.565503174693204
13.375197634559344
13.260886466066271
13.348947094193527
13.53366508146391
13.692974931731113
13.857989167465888
13.986633816416642
14.001657414980585
14.191434992605245
14.924207171857585
15.530958836306858
16.026353619235078
16.403326303917655
15.738115230218204
14.485326938192394
13.355262097880438
12.597750379702667
12.105921643433778
11.864038940173089
11.741714397942529
11.703791340395078
11.963384792113917
12.318605864575645
12.330485994637659
12.021542450948688
11.678069098264334
11.40910030008302
11.304845330124568
11.233146638184728
11.316293045261078
11.30709469347929
10.924391906727205
10.443330033522678
10.406637075576974
11.486161742841215
13.03902873685728
13.532555708886397
13.368450887398676
13.236984395333131
13.459591061821483
13.488899930607623
13.359447525204413
12.96538041762288
12.418509827209142
11.962249770079643
11.502361187705691
11.059496861523066
10.72696575509957
10.548964433951559
10.326023653073563
9.966451036125488
9.704207230068214
9.69065840812287
9.799304672511134
9.84368279858006
9.875835668388664
10.485619676075626
11.888069661061083
13.77144427451384
14.747305587954507
15.163765183270609
15.100853688028014
15.130844139090074
15.077810571943091
14.833339237545875
14.302895109832503
13.18906865858639
11.983301662434238
11.034949659950758
10.2804707550269
9.84598131220271
9.812319018865328
9.737231375664605
9.56321525492941
9.50696049034756
9.68167169793195
9.873353445567849
10.130879363065237
10.343111831471266
10.493847377210972
10.962853468576292
11.58024368166095
12.132922061111401
12.449587031317966
12.412849488976217
12.39696535785245
12.366264435303023
12.29821548648286
12.301177394432218
12.250350377197893
12.110120096921658
11.819455349869374
11.715308080771251
11.696819522608589
11.65209868756765
11.7990625545503
12.0036402044521
12.083262027014541
12.286130966508853
12.4500111202418
12.379102861299325
12.321734829719823
12.32054125709315
12.341987694494682
12.415054267934892
13.14361043523615
14.342237884955242
15.505673893913084
16.066195081570818
15.887598719884016
15.339484978525187
14.864135439098296
14.685495433047894
14.281903916715898
13.6257353508476
13.12358076102222
12.769058132668428
12.479150514606825
12.197824855622645
11.939077433105881
11.884306845467096
11.750147026151266
11.530389195137962
11.263884087709226
11.24186960212916
11.4281034588651
11.667336076368054
11.988379449130878
12.632614571668396
13.851768032733304
14.392074309426217
14.984209359002108
15.27602449803883
15.348072409934352
15.10219895839078
14.71926344646295
14.498962377413187
14.26373590961758
13.876925718234599
13.294802702454627
12.836942172939363
12.562460218748214
12.363420702861259
12.343374913805384
12.366020564028268
12.461514968744416
12.584228415827232
12.60254991679507
12.579976783360935
12.507518008042721
12.22753659545739
12.178504503034961
12.578710693945514
13.544057811614469
15.123578057575166
16.351543810846387
16.782829085930658
16.77308135232892
16.504094559240766
16.373216258906186
16.040314242537274
15.318076142421525
14.377434176955372
13.526665868446116
