14.522299891516878
14.664672237158557
14.246078608718545
14.252127314642326
14.0234410554498
13.896639541546422
13.419995955131967
13.278415519681499
13.149280173793542
13.908242496326995
13.34194868691783
14.973999868033491
15.922584310325723
17.234798566392495
18.055008837284234
18.570963909169986
18.111172553009098
17.90401787129971
17.873814897366362
16.356179379422006
15.653405482037735
14.452075841905287
14.290540666255929
14.819487960160789
14.412968343474933
13.701935723884574
13.002849976659947
13.569207439694793
13.060495989262987
14.57106300036919
13.992730732575907
13.79712985537916
13.850972228121956
14.085593986473604
13.57213188063663
15.370152387239257
16.895994892032544
15.755169802455937
17.420920827847972
17.02163479441244
13.31227226544501
12.961841866912618
12.660302018774242
12.449269568931665
12.065679122969149
12.472529731794022
11.97527109953201
11.565796457277212
13.862319494077013
12.366967042411794
11.36878875437873
10.852616669288128
10.990053710294024
11.033334147045846
10.845665263634768
10.921051837153556
11.577058583150663
11.08654052069324
9.403539194879025
9.672452396855633
11.41536333340466
14.571949853837522
13.768911961392647
13.345477837303624
12.6307624391676
13.549294329504258
14.79812941579303
13.144019752221535
13.056592571673036
12.516448584867536
11.79590511985202
11.612327257649193
11.430407075521034
10.76500430234762
10.456001670904856
10.691129032422506
9.898891172758331
9.202020410558944
9.974512217227408
9.491753988327549
9.642350409265134
10.09927976949672
9.780166149056722
12.967346159759382
14.376553635133467
14.962188477844146
13.658088313277013
15.450711355005932
15.339361171216062
15.940293715880378
15.555187702605592
14.416536572352443
13.784828053619604
10.975844179828965
10.441170644702147
9.72524676771065
9.481715516119065
10.71027024168391
9.928160560181707
9.187709356589636
9.82091736136539
9.787607445905188
10.516241635899526
11.273660693736115
11.4246046580983
10.568364017845468
10.30805076985312
11.531211589238518
13.503880690550064
12.44273876065305
12.698632244661484
12.676731637297824
13.21350520491068
12.944376332632718
12.783224690221635
13.262016787938311
12.541540199516861
12.080008171845295
12.230926352460369
12.067739405511723
11.77508850418981
11.707248779734222
11.868757097313672
11.769754491506257
11.704026617087465
12.613660831734943
11.622215324666197
11.5543780174369
11.754211457870309
11.713775290721651
11.038198412086723
12.892306861084492
16.289702702014203
15.505576415905615
16.12201353680703
15.084941439862313
14.363905901433508
13.819643766769149
14.991589369092305
14.037160829010102
12.625781072941928
12.18677195411377
12.724279015615789
12.387632984301824
11.512215413554614
11.37025198202727
11.848340129731682
12.167604961105255
11.417058883357896
11.70351389653294
11.349219964644407
11.629968175125585
11.793629704169488
11.627539399863885
11.453858467841131
13.96828733744379
15.210493180627736
14.102460988665623
15.085555616775913
13.687553898901061
15.274528644130212
13.291198483763441
14.860120392655293
13.816391925955145
13.857961235073185
13.098082515194502
12.511437674764966
12.22969705860072
