14.4
14.0
13.1
13.3
13.0
14.0
14.0
13.9
13.9
14.1
13.6
15.0
16.9
16.4
18.1
17.9
13.6
12.9
12.4
12.2
11.8
11.9
11.5
11.2
12.4
12.4
11.1
10.5
10.5
10.5
10.4
10.3
10.7
10.4
8.3
8.5
9.6
12.8
13.8
13.2
12.5
13.3
14.9
13.7
13.3
12.4
11.5
11.3
10.9
10.3
10.0
10.1
9.3
8.5
8.900000000000002
8.8
8.8
8.6
8.2
9.8
11.9
14.1
14.5
16.4
16.9
17.7
17.3
16.0
14.7
11.3
10.2
9.3
8.7
9.3
9.3
8.399999999999999
8.6
8.8
9.400000000000002
9.8
10.2
9.900000000000002
9.400000000000002
10.2
11.6
11.9
11.6
12.0
12.6
12.6
12.6
12.9
12.3
11.8
11.8
11.7
11.6
11.5
11.7
11.6
11.6
12.1
11.6
11.4
11.5
11.4
11.0
11.7
13.8
15.3
16.3
15.4
14.7
14.1
14.6
14.3
13.0
12.3
12.5
12.3
11.6
11.4
11.5
11.8
11.3
11.3
11.0
11.2
11.4
11.2
11.2
12.3
14.0
13.7
15.0
14.2
14.9
13.7
14.2
13.9
13.9
13.2
12.5
12.2
12.1
12.1
12.2
12.3
12.3
12.1
12.0
11.8
11.5
10.7
11.6
12.3
13.9
16.3
16.7
16.6
16.8
16.0
17.7
15.4
13.9
13.0
12.4
11.6
