14.63209037682836
14.670766937527054
14.388797960623423
14.169019247460767
14.095479367683618
13.917071549647561
13.832444188596531
13.26797981661909
13.106965418945231
13.031509283025384
13.117380172713114
13.682483632463995
14.776619962644979
16.921463191112313
18.048299422840735
18.42630607606956
17.69689139056372
17.832134127258207
17.93664666610707
16.964286369223966
16.05159731770525
14.915572000229162
14.34333732004689
14.315496983378097
14.020692803446554
13.784825636393313
13.281943864325196
13.168121781285132
13.106501311497237
13.519405192117775
13.482311914640107
13.344226116955603
13.494818240602005
13.511279283067378
13.287363822832452
13.930071526934354
15.68945340986203
15.66883906903881
16.50538253798316
17.004341286070293
14.458177055355737
12.71499713523659
12.28356414076783
12.121959402717414
11.816155298819886
11.896611601614342
11.887548883085584
11.62376986975242
12.334196436995326
12.435150550162193
11.7645660495616
11.292693933556492
11.079272458395675
10.938837519626746
11.082848341823109
10.994280364755307
11.169652012278712
10.875782560325112
9.821297134473877
9.454791375359978
10.123781849511584
12.35285769254749
14.074362075928798
12.931873095348859
12.502213002074669
12.842039834607732
13.779203973781055
13.36048357525108
13.059169334899925
12.344115659373422
11.736041436416748
11.519108805776973
11.171634137837858
10.884953248294897
10.803135509936851
10.812279339836728
10.459654905573622
9.97465617648211
9.876551167370991
9.967104761547025
9.863093662863331
9.541665413958738
9.301642363458418
10.170094830936618
11.952508079543634
14.939700786644902
15.61450526076189
16.606855146189584
16.172373156479793
16.572945624318706
16.44680589325784
15.913780973607093
14.810169183508055
12.740083378271933
11.20829567184177
10.641542052275796
10.057645463849505
10.07790826611023
10.274043081736728
9.541532197932
9.422467151065366
9.71246984669444
10.032243638492753
10.317451631482008
10.553345522314807
10.444950112299477
10.359805196241336
11.390183087124642
11.783195881171972
11.968682814983795
12.231309348537245
11.860397523055083
12.46569515874476
12.511785755350962
12.566415338122734
12.725119404623182
12.424105168912892
12.115146316124076
11.643614223283992
11.715170567453326
11.780630666915142
11.625309374319496
11.802767893874684
11.7633805343559
11.901315255397176
12.042058793389337
12.002526400293053
11.706103283052684
11.72183727756567
11.616387123496352
11.542729135356787
11.861827715277636
13.394875736638191
15.021484129887176
16.231343406219604
15.885191296787891
14.942681898114243
14.272963738131091
14.145992279790377
14.39997749793191
13.208500606454539
12.250621375123256
12.23941565119661
12.075287328897721
11.86738706716771
11.655370537643734
11.660138919375044
11.903142141312257
11.56885371137474
11.25251372381405
10.92225937597658
11.141670200726683
11.338372258789622
11.297308418547233
11.46328538179783
12.30016726242301
13.74577547994221
13.321364259269968
14.703921479052845
14.48758301606459
14.644773966051646
14.119770074688311
13.974373376084742
14.271177407901568
13.84207643249767
12.976830549985682
12.444260270313288
12.31855214843583
