14.387428736219558
14.150386998624104
13.96578000232761
13.257721645398766
13.50535385568447
13.25880174268008
13.973565888212985
14.00930739903223
13.975654640309662
14.074016681149793
14.425930115157282
14.123277201456784
15.630212934366368
17.14269512729247
16.495816633514693
17.488752360592237
17.48364194134066
14.097339691895733
13.163400804047209
12.450527332345414
12.344020044644553
11.975206908744934
12.345957585807652
12.167739788616188
11.952876572262758
12.514115961496104
12.645675919644926
11.460935300680957
10.958183118800143
11.006909297806331
11.040614026894168
11.092218316671605
11.010841319240733
11.601057611516167
11.480458700277138
9.332596826187768
10.166251978294309
11.340106752944223
14.08123451885663
14.367969661700805
13.684831430644927
13.068507348645232
13.401102780146156
14.368617948363188
13.248210128521858
12.9661840110745
12.186439719789018
11.64795529312308
11.746815819740686
11.210827582091913
10.673781942230898
10.599646686189082
10.70883333494388
9.884142332249539
9.231051298321546
9.682822834808167
9.712376380611161
9.698813055308069
9.781597147021373
9.689157042015061
11.50648228995224
13.100634568997075
13.785227970280522
13.861311913584448
14.94060271420497
15.309020621016188
15.771240899318846
15.030105033165961
14.02414070817088
13.023939470312413
10.45328202274606
9.963729776482499
9.44910605912204
9.151886062947526
10.028597924083561
10.331881398120306
9.480337159971432
9.484706430783922
9.81651371222342
10.545096871884933
10.660149860268842
11.04995956089905
10.836375057253896
10.548879562450653
12.013314481232644
13.305479993855851
13.157675737865809
12.485733696121759
12.851957982663032
13.218711373181476
13.035444393137825
12.974372499427782
13.255109832390648
12.64845062684703
12.244708571033206
12.226028783412806
12.243237285963694
12.098004421586557
11.90809127785404
12.238758434225982
12.11014856647576
12.079291867120872
12.569001233093392
12.151617963573743
11.818986945130193
12.123124237209286
12.274844131211086
12.071988620751728
12.852822006771945
15.036804056893661
15.571741506129905
16.125517172026413
15.801923625525909
15.016848225585683
14.221317549764601
14.31883725438727
14.197747847646564
12.84797090218532
12.36725173795281
12.942368691907163
12.642017850523576
11.996305534141166
11.883082654640729
12.007918694988305
12.439308179383815
11.786579192238172
11.720147904968513
11.489299033987066
11.764953880091058
12.030850115075
12.012087873179986
12.375900036462902
13.577153131096114
14.94167700342867
14.047546978933534
15.051365243425273
14.525299870780328
14.917270873868548
13.762021389267627
14.111554862555472
13.967518793773397
13.927029984807723
13.174979855145564
12.596321530383609
12.461866003718102
12.445254018899853
12.478652565990748
12.635393576161686
12.679580204192174
12.663548085103217
12.530051391533394
12.373158364686782
12.243988237598296
12.03248120566046
11.44257028963987
12.99576763791579
13.672626317937036
14.905021982506709
16.42177591787895
16.66435209650464
16.439741280839822
16.35165184743259
15.656373500197995
16.478235072372797
14.630646218409455
13.437981595935616
12.804997184591839
12.501840212064359
