14.716506801312859
14.843123095251638
14.50398107635603
14.46122934071033
14.259286198885718
14.11365489504151
13.656072346549784
13.54411810798141
13.316410959727348
14.128198204170339
13.816702405243271
14.899956584094815
16.05460864450324
17.67282279979716
18.533243361469637
19.070739679743692
18.826484871748807
18.54870125502398
18.340219784661176
16.916471618820076
16.184937361582342
15.069195292072692
14.764389704069139
15.198277244956989
14.773147180633401
13.99842316620237
12.959381667709126
13.650886590412119
13.029166453587386
14.664031135029873
14.222766744071615
13.782850091061295
13.809161062084403
14.260908023437059
13.689829851744989
15.438104730939223
17.092826674573132
16.286097073274348
18.072550648482668
17.61555521739911
13.766645408873185
13.208172266549923
12.54368642788314
12.634889987350927
12.215883684666792
12.118811636924299
12.20699581217313
11.547517929221225
13.681734829474985
12.244888788682282
10.706189426542222
10.723940999266631
10.763051183503975
10.810139825987926
10.76469543454369
10.838384846625047
11.30752227395221
11.365779576226338
8.659692056927899
9.597567800663409
10.722843578530227
14.224138855717994
13.618586806961122
13.328291895531459
12.388821185314516
13.547386197927707
15.217408483159938
13.381291596330918
12.825440741663037
12.19849738169312
11.60243301327611
11.442829201433774
11.546506185727825
10.54165742745263
10.161303110333222
10.461813220071356
9.461645554800274
8.97316011107342
9.785891752399522
9.389905501432775
9.55132250157454
9.777290186931069
9.288065071958973
11.499093903501493
13.53846770723435
15.462325136945935
14.813381878685169
15.976982376534897
16.11921438876131
16.65959875529248
16.438019812849124
14.914476291694713
14.021799893088126
11.113197155076053
10.331158378878406
9.485129176804259
8.95720749187139
10.146433945671244
9.479090408366343
8.832534480008151
9.111204681620617
9.396472836686463
10.561235348930722
11.094240192174212
11.355053000266834
10.644723122075593
9.666551141735642
10.898835916049187
12.090338859854368
12.070324226159585
11.695065959224355
12.435980195941625
12.863885114347385
12.869083225197208
13.078697031787293
13.142191657693306
12.540478768594133
12.067128653002037
12.681597245242198
11.874507141500086
11.63529601045306
11.849891451849516
11.806854617791751
11.580140009511107
11.622883822026184
12.247916230322211
11.61680422932201
11.517843253522951
11.376689055641908
11.861972748855134
11.401873062051713
12.310739404480548
14.798204450525832
15.7468454794141
16.350749752009584
15.38324326230639
14.625622953594727
14.027367570979871
14.950912788645391
14.205818563363302
13.031137567337868
12.575728105282328
12.855656338889242
12.449992588173565
11.444772919952952
11.549441504187973
11.608813953524642
12.172205479899645
11.45739782429349
11.708026052277333
11.410717424472127
11.551362930509129
11.986107524997434
11.786879465459732
11.757409716834848
13.254837357271441
14.681265085601998
14.111144471247291
15.288481147062832
13.95592913373743
15.253988938316175
13.672377746500045
14.66088323494641
14.081427225508214
14.246200275775223
13.543136579816654
13.039320818367518
12.306001640948933
