14.287782678202342
13.885263134585516
13.456816891780777
12.979083942050888
12.847218607647223
12.75410194785995
12.904299526459418
12.96468371928949
13.107566502549751
13.316886347564704
13.480460453591059
13.528857486950535
14.522404033682943
16.710136108242853
17.119483443246295
17.89892611840672
18.578265544054936
16.31521753270009
14.759857270481962
13.338972275610724
12.53117164162922
11.82473081196053
11.70353941169935
11.474563622513227
11.606145067117973
11.757432009032872
11.730302941200392
10.996075289567198
10.886343421993288
10.898568141092213
10.79254644729527
10.863732687261285
10.916058116215726
11.236955112497556
11.322065113064816
10.501008812971005
10.558298687567078
11.072586947634395
13.01945538125107
15.410781680696841
15.102979470688574
15.01727738397021
15.118506255192226
15.990484666874126
14.964506094269018
14.158605165144632
12.464459687529033
11.414163046260512
11.048367951676354
10.500104233176534
10.515753356188615
10.595426746245277
10.391362891220798
9.863558844634122
9.469391959322884
9.745486472031256
10.015436395506278
9.840844437752276
9.34715766020721
9.060870509969089
10.193283014171625
12.418761755904871
14.56655896919094
15.453537310762677
16.90300471398795
17.48648151078159
18.15971314275223
17.671339160015492
16.76007546626675
15.311473161473183
12.450391430511685
11.037342176818084
10.397571939821926
9.613533311738994
10.003994857725846
10.265257269908714
9.724885795251101
9.690493499573641
9.982874745873687
9.974680885906425
9.915415331687985
10.019499484321827
10.072522685932455
10.128220951305831
10.884259772929894
11.954227801759785
12.457198339748944
12.351399299351533
12.753660401190679
13.271945813511923
13.741007366791601
14.210557401217713
14.255474300168975
13.617181189872532
13.040145898275066
12.402364904226577
12.360152075753563
12.482478229468317
12.347576321680954
12.577032601737717
12.400804450364973
12.326797307316614
12.682219278141247
12.650027464131277
12.410774703075893
12.457934788025797
12.47052397113336
12.457366471266562
12.415295453402658
13.722514242757056
15.678118297183607
17.49546070071294
17.69642056859825
16.982162429102395
16.358435793020078
15.759488445806651
15.401879036264729
14.195005235837998
13.358844964406046
13.204190557686193
12.616084235382663
12.346398863896226
11.965487241826246
11.878486970298923
12.128915911404055
11.840758902339
11.5668699743314
11.193395083238002
11.218503887052066
11.47157217068697
11.559341657336434
12.136504121894912
13.624725890290142
15.742157604747337
15.617676762374284
16.934120325136742
17.12464019266846
17.055871178994085
16.423726888077002
15.890008895932306
15.516423332804596
14.908647620508646
14.160746693348676
13.380555953796163
13.068746385467405
12.782258336866377
12.506389969106623
12.557139366518914
12.588740840152326
12.652775581844171
12.742333278788053
12.54851792607873
12.408415221634552
12.435230855791215
11.861841412893288
12.17835194919789
13.0445451158355
14.805387339169204
17.234314852553467
18.069558122333618
18.088602911124052
17.998763473026848
17.486038084047426
17.441143745874882
16.25607337695763
15.04068177466797
13.955305220773486
13.280188420876067
