15.068643140514283
15.115822361838996
14.866635321100075
14.61143638677944
14.535399377952675
14.340604377143492
14.219251627027345
13.672104734219438
13.431850032866171
13.53904623006015
13.641219296729751
14.217686473003509
15.393915131734753
17.480887914852385
18.645794520641697
19.021637487758806
18.6926666870822
18.83008761324615
18.792450056981814
17.813292922637668
16.781115943941632
15.68002293721107
14.929393330866299
14.86323542517571
14.487409177207118
14.161213755184361
13.436364740127207
13.439297775651413
13.24105352721441
13.821999890951751
13.700804596270435
13.394235574541954
13.577506449005742
13.721822647456948
13.491380139073195
14.269463863041496
16.22748188721871
16.16231507788028
16.948566743778382
17.38144523956954
14.66366774534403
12.898243568856762
12.05589687674758
12.162695574506934
11.875586030168256
11.802896275448841
12.154975759473531
11.613249026608404
12.244491826409055
12.309478686679109
11.507765299951703
11.177544524701617
10.847018373196688
10.60612485265068
10.873344921900342
10.842150079445325
10.914871526687229
10.821310365842995
9.190387106159378
9.1875471338474
9.716933657913001
12.111398003887839
13.911692549696914
12.902454914218197
12.309420136086711
12.772914682926391
14.015006950047217
13.606141448817912
13.040205657480609
12.23117505818771
11.64142018755328
11.260759151275533
11.227961687789158
10.687878131640948
10.588489306788269
10.635591378307174
10.299098437991681
9.937127932562294
9.754018206517951
9.851508702989594
9.717756589174956
9.492584977010473
9.272658208737456
10.120987535918447
12.0058380003126
14.632612497707354
15.770287538554905
16.53978691979208
16.645803779136436
17.25928036856458
17.182637777406583
16.45341297845499
15.208409947025112
13.031244999617497
10.99680663481077
10.315553840262371
10.034125314870446
10.117651226474585
9.871021627938514
9.256691623339073
9.335026944352963
9.736490092935169
9.763380929687571
10.510181381005683
10.747821314963145
10.542944466162577
10.52213322211435
11.894013351931527
12.099679022245265
11.803099859618737
12.633855683078803
12.03795729753382
12.516058874273185
12.62324781978829
12.849775764483079
12.822749831639044
12.587243771335704
12.257870368191188
12.134605793513877
11.814833613199758
11.86410527960576
11.936151514970199
11.55508653332105
11.448175300248785
12.076997919370106
11.901448202843214
11.885172212479503
11.779585619415057
11.64533797421063
11.614788262594782
11.574906714589705
11.958021504134166
13.450003133735692
15.270072449692412
16.26286195556218
16.06048002002046
15.162849079685518
14.487425023468361
14.3924189656083
14.62456380560794
13.33703594306077
12.357406375266958
12.297004724691448
12.173592430629649
11.771258006259657
11.664599239044518
11.753865794510604
11.954141318774685
11.796524466944076
11.45752513154485
11.160391618355437
11.2325471660644
11.673239748714337
11.562267844052815
11.811915215323651
12.647324199395126
13.843956900262217
13.784750836668621
15.129556294638029
14.687516402090642
14.9787310009791
14.437937149599607
14.34669948038304
14.712139544855612
14.346437748491793
13.246088609579896
13.003217529346626
12.55180266802837
