14.553931983349983
14.284053233760215
14.164701879868373
13.371361765015209
13.398592356351937
13.320184787129996
13.690770152772437
13.653190207068052
13.736917419906145
14.001149394588293
14.448743426881562
14.300291219955009
15.972838243493403
17.35927336569982
16.375047442112454
17.82960651429925
17.817800781090877
14.344272383750708
12.881103554384136
12.225080962125784
12.211753182095777
11.74103462019318
11.969478351014445
11.532457535101509
11.4199490802606
11.974937522303765
11.9497126916277
10.80808867518912
10.811314329384965
10.967706721808508
10.889779106295808
10.969580877926626
10.891827571287623
11.54060278196224
11.457177588120253
9.179275385477403
9.64757376670067
10.671001057672715
13.8744242918938
14.733687975777615
13.136090578533206
12.985022261307352
13.691743086354823
14.250929176143769
12.894784518033424
12.403068585658144
11.929200646478238
11.351618121706412
11.307350382304804
10.81357121299926
10.445858452223735
10.33830745992628
10.400763752849688
9.63521260860662
9.158003794110968
9.297370318858992
9.203200554150662
9.052200187841674
9.050458173427497
9.178291842957407
11.667841545243705
14.128781762884246
14.852959829782533
13.839922952452516
15.653908365824158
16.16296571462378
16.756995651390497
15.252778980168573
14.656503556631831
12.52286148621926
10.639445511338845
10.002572991504964
9.183860058010548
8.750404113716385
9.527856605896694
9.854417969121934
9.041778182394916
9.073875724579512
9.438628726051274
9.970097287696078
10.197738767969216
10.811173055937253
10.569575853959677
10.349898328575396
12.351237882351391
14.181133781327896
13.147015098467925
12.060402317974498
12.691114402313783
13.374894406950093
13.02231509424443
13.082826728616212
13.389414550993626
12.806596582654807
12.37854018473477
12.319678575887734
12.297341524888083
11.942250176904007
11.907648388281274
12.210273302443895
11.91994132687776
11.875683524962017
12.320627202916853
11.759340543480471
11.441379402820187
11.828947260355248
11.875193365186213
11.72327203566011
12.311534940511198
14.399496335609523
15.157011494977501
15.726900139539678
15.490341964706607
14.976769337911964
14.086872296310833
13.87043962864238
13.793130285898942
12.348167467799609
12.274260773932703
13.11453832033624
12.647762791676708
11.703207983116696
11.414553025435563
11.609437329327188
12.034553574334492
11.301769812539504
11.455953934455284
11.429640546205885
11.547364838222755
11.662483897458634
11.610835560446551
11.95863870258063
13.845941577338003
15.830518539668743
14.499053829141221
15.270417747950228
14.601466469794394
14.899316724151864
13.404615144238258
13.769739189945787
13.56135185711801
13.428436372180975
12.971479885298786
12.567643289078887
12.457286971379638
12.195309865956542
12.161205220207787
12.306961011206015
12.261776874459176
12.247423653320116
12.140737222292973
11.994608641284435
11.959742569253814
11.874781362393838
11.148620263476548
12.776200499198827
13.6891472538983
15.196834290954655
17.442216322896623
16.424840289365005
16.22361929389502
16.71189034307884
15.91758024903098
16.422564202230724
14.564840992749332
13.010621090606872
12.770210612448142
12.764434784514616
